10.3(a&b) SLOW SUBLIMATION OF A SOLID SPHERE |POLVER05_0 |1
d(NAr2)/d(r)=0
d(pA)/d(r)=-R*T*NA*(1-pA/P)/DAB
R=8314.34
T=298.15
NA=NAr2/(r^2)
P=1.01325e5
DAB=7.39e-6
PBM=(133.32-0)/ln((P-0)/(P-133.32))
NACALCatr1=DAB*P*(133.32-0)/(R*T*0.003*PBM)
NACALCr12=NACALCatr1*0.003^2
r(0)=0.003
NAr2(0)=1.19335e-12
pA(0)=133.32
r(f)=16

