2.10 BUBBLE POINT CALCULATION FOR AN IDEAL BINARY MIXTURE |POLVER05_1 |2
f(Tbp)=xA*PA+xB*PB-760
xA=0.1
PA=10^(6.85221-1064.63/(Tbp+232))
PB=10^(6.87776-1171.53/(224.366+Tbp))
xB=1-xA
yA=xA*PA/760
yB=xB*PB/760
Tbp(min)=30
Tbp(max)=69

